0.000 8.000 0.000 0.000 0.000 0.000 0.000 0.000 0.000 0.000 0.000 0.000 0.000 0.000 0.000 0.000 0.000 0.000 0.000 0.000 0.000 0.000 0.000 0.000
8.000 0.000 8.000 0.000 0.000 0.000 0.000 0.000 0.000 0.000 0.000 0.000 0.000 0.000 0.000 0.000 0.000 0.000 0.000 0.000 0.000 0.000 0.000 0.000
0.000 8.000 0.000 8.000 0.000 0.000 0.000 0.000 0.000 0.000 0.000 0.000 0.000 0.000 0.000 0.000 0.000 0.000 0.000 0.000 0.000 6.919 0.000 0.000
0.000 0.000 8.000 0.000 8.000 0.000 8.000 0.000 0.000 0.000 7.773 0.000 0.000 0.000 0.000 0.000 0.000 0.000 0.000 0.000 0.000 7.402 0.000 0.000
0.000 0.000 0.000 8.000 0.000 8.000 0.000 0.000 0.000 0.000 0.000 0.000 0.000 0.000 0.000 0.000 0.000 7.150 0.000 0.000 0.000 0.000 0.000 0.000
0.000 0.000 0.000 0.000 8.000 0.000 0.000 0.000 0.000 0.000 0.000 0.000 0.000 0.000 0.000 0.000 0.000 0.000 6.782 0.000 0.000 0.000 0.000 0.000
0.000 0.000 0.000 8.000 0.000 0.000 0.000 8.000 0.000 0.000 0.000 0.000 0.000 0.000 0.000 0.000 0.000 4.341 0.000 0.000 0.000 0.000 0.000 0.000
0.000 0.000 0.000 0.000 0.000 0.000 8.000 0.000 8.000 0.000 0.000 0.000 0.000 0.000 0.000 0.000 0.000 0.000 0.000 8.000 0.000 0.000 0.000 0.000
0.000 0.000 0.000 0.000 0.000 0.000 0.000 8.000 0.000 8.000 0.000 7.835 0.000 0.000 0.000 0.000 0.000 0.000 0.000 0.000 0.000 0.000 0.000 0.000
0.000 0.000 0.000 0.000 0.000 0.000 0.000 0.000 8.000 0.000 7.685 7.795 0.000 0.000 0.000 0.000 0.000 0.000 0.000 0.000 0.000 0.000 0.000 0.000
0.000 0.000 0.000 7.773 0.000 0.000 0.000 0.000 0.000 7.685 0.000 0.000 0.000 0.000 0.000 6.642 0.000 0.000 0.000 0.000 0.000 5.203 0.000 0.000
0.000 0.000 0.000 0.000 0.000 0.000 0.000 0.000 7.835 7.795 0.000 0.000 8.000 0.000 0.000 0.000 0.000 0.000 0.000 0.000 0.000 0.000 0.000 0.000
0.000 0.000 0.000 0.000 0.000 0.000 0.000 0.000 0.000 0.000 0.000 8.000 0.000 8.000 0.000 0.000 0.000 0.000 0.000 0.000 0.000 0.000 0.000 0.000
0.000 0.000 0.000 0.000 0.000 0.000 0.000 0.000 0.000 0.000 0.000 0.000 8.000 0.000 8.000 0.000 0.000 0.000 0.000 0.000 0.000 0.000 8.000 7.345
0.000 0.000 0.000 0.000 0.000 0.000 0.000 0.000 0.000 0.000 0.000 0.000 0.000 8.000 0.000 0.000 5.080 0.000 0.000 0.000 0.000 0.000 0.000 5.557
0.000 0.000 0.000 0.000 0.000 0.000 0.000 0.000 0.000 0.000 6.642 0.000 0.000 0.000 0.000 0.000 5.980 0.000 0.000 0.000 0.000 6.122 0.000 0.000
0.000 0.000 0.000 0.000 0.000 0.000 0.000 0.000 0.000 0.000 0.000 0.000 0.000 0.000 5.080 5.980 0.000 0.000 0.000 0.000 0.000 0.000 0.000 0.000
0.000 0.000 0.000 0.000 7.150 0.000 4.341 0.000 0.000 0.000 0.000 0.000 0.000 0.000 0.000 0.000 0.000 0.000 6.992 0.000 0.000 0.000 0.000 0.000
0.000 0.000 0.000 0.000 0.000 6.782 0.000 0.000 0.000 0.000 0.000 0.000 0.000 0.000 0.000 0.000 0.000 6.992 0.000 0.000 0.000 0.000 0.000 0.000
0.000 0.000 0.000 0.000 0.000 0.000 0.000 8.000 0.000 0.000 0.000 0.000 0.000 0.000 0.000 0.000 0.000 0.000 0.000 0.000 8.000 0.000 0.000 0.000
0.000 0.000 0.000 0.000 0.000 0.000 0.000 0.000 0.000 0.000 0.000 0.000 0.000 0.000 0.000 0.000 0.000 0.000 0.000 8.000 0.000 0.000 0.000 0.000
0.000 0.000 6.919 7.402 0.000 0.000 0.000 0.000 0.000 0.000 5.203 0.000 0.000 0.000 0.000 6.122 0.000 0.000 0.000 0.000 0.000 0.000 0.000 0.000
0.000 0.000 0.000 0.000 0.000 0.000 0.000 0.000 0.000 0.000 0.000 0.000 0.000 8.000 0.000 0.000 0.000 0.000 0.000 0.000 0.000 0.000 0.000 0.000
0.000 0.000 0.000 0.000 0.000 0.000 0.000 0.000 0.000 0.000 0.000 0.000 0.000 7.345 5.557 0.000 0.000 0.000 0.000 0.000 0.000 0.000 0.000 0.000
