3.900 -5.000
3.710 10.999
16.506 20.604
-5.300 23.800
4.900 31.000
4.515 46.995
-11.197 43.974
20.513 47.193
28.745 10.299
44.040 14.997
59.943 13.239
75.871 14.759
81.954 29.558
93.027 41.107
104.331 52.430
114.918 40.433
129.324 33.472
145.309 34.174
160.900 36.600
133.900 22.000
118.700 22.200
111.545 7.889
124.446 -1.574
100.159 -3.352
87.317 -12.896
93.804 64.479
81.210 74.347
88.061 88.806
69.214 84.934
57.454 95.784
46.167 107.125
34.766 118.350
75.306 99.729
70.205 114.894
55.836 121.933
45.100 119.600
18.792 119.258
2.970 116.881
-12.888 119.010
-28.887 119.179
-44.886 119.380
-60.475 115.776
-67.510 101.405
-72.344 86.153
-37.500 107.000
-49.807 96.776
-58.900 86.000
-70.100 76.800
-79.700 64.000
-87.239 49.888
-79.564 35.849
-73.773 20.934
-59.102 14.549
-43.856 9.695
-28.874 15.310
-15.100 15.600
