3.700 -5.000
4.068 8.995
18.068 9.137
32.065 8.875
15.013 22.800
4.555 32.107
3.277 46.049
17.175 47.741
-10.704 46.769
-6.186 23.128
-8.500 13.000
46.065 8.986
59.915 11.026
72.444 17.274
81.438 28.003
88.744 39.945
100.959 46.785
113.931 41.518
123.127 30.962
133.814 21.919
141.655 33.517
155.512 35.514
117.124 18.314
109.533 6.551
120.626 -1.989
96.977 0.358
90.210 -11.898
95.948 59.858
86.474 70.165
76.438 79.926
87.223 88.853
65.179 88.247
54.682 97.510
45.236 107.844
34.902 117.288
53.517 119.132
67.513 118.785
77.414 108.887
73.255 94.144
76.900 102.400
21.026 115.425
7.298 112.680
-6.675 111.814
-20.187 115.478
-30.129 114.406
-40.450 104.946
-50.454 95.153
-60.898 85.830
-71.110 76.253
-80.956 66.300
-89.008 54.847
-82.083 42.679
-73.904 31.317
-65.307 20.267
-53.061 13.483
-39.271 11.065
-25.280 11.558
-16.700 11.800
-68.381 97.662
-66.261 109.474
-58.033 118.209
-46.329 120.858
-38.100 119.200
